Mixed Request Test Report (Concise)
================================================================================
Target Mode: direct
Total Requests: 632
Total Failures: 0
Overall Error Rate (%): 0.00
Average Latency (ms): 30.90
Throughput (completed req/s): 10.53

Per Endpoint Metrics
--------------------------------------------------------------------------------
Endpoint | Completed | Failures | ErrRate(%) | Avg(ms) | P50(ms) | P95(ms) | P99(ms)
--------------------------------------------------------------------------------
/account/allaccounts | 57 | 0 | 0.00 | 16.66 | 15.00 | 24.00 | 33.00
/account/create | 20 | 0 | 0.00 | 92.87 | 32.00 | 570.00 | 570.00
/account/detail | 46 | 0 | 0.00 | 7.04 | 7.00 | 9.00 | 10.00
/api/atm/ | 48 | 0 | 0.00 | 15.87 | 13.00 | 32.00 | 61.00
/api/atm/64a6f1cc8c1899820dbdf25a | 18 | 0 | 0.00 | 10.23 | 10.00 | 15.00 | 15.00
/api/atm/64a6f2268c1899820dbdf25c | 16 | 0 | 0.00 | 10.00 | 10.00 | 13.00 | 13.00
/api/atm/64a6f2d18c1899820dbdf25e | 20 | 0 | 0.00 | 9.77 | 9.00 | 13.00 | 13.00
/api/atm/64a6f3398c1899820dbdf260 | 19 | 0 | 0.00 | 10.05 | 10.00 | 15.00 | 15.00
/api/atm/64a6f3838c1899820dbdf262 | 10 | 0 | 0.00 | 9.79 | 10.00 | 11.00 | 11.00
/api/atm/64a6f3b58c1899820dbdf264 | 18 | 0 | 0.00 | 10.21 | 10.00 | 16.00 | 16.00
/api/atm/64a6f40b8c1899820dbdf266 | 16 | 0 | 0.00 | 11.04 | 10.00 | 20.00 | 20.00
/api/atm/64a6f4498c1899820dbdf268 | 20 | 0 | 0.00 | 10.23 | 10.00 | 13.00 | 13.00
/api/atm/64a6f4a58c1899820dbdf26a | 16 | 0 | 0.00 | 10.19 | 10.00 | 15.00 | 15.00
/api/atm/64a6f4d28c1899820dbdf26c | 14 | 0 | 0.00 | 9.66 | 9.00 | 11.00 | 11.00
/api/atm/64ac747deaa5c8310cb21a1b | 13 | 0 | 0.00 | 9.73 | 10.00 | 12.00 | 12.00
/api/users/ | 4 | 0 | 0.00 | 191.25 | 190.00 | 280.00 | 280.00
/api/users/auth | 24 | 0 | 0.00 | 156.63 | 160.00 | 190.00 | 190.00
/api/users/logout | 21 | 0 | 0.00 | 15.89 | 5.00 | 83.00 | 110.00
/api/users/profile | 46 | 0 | 0.00 | 93.00 | 86.00 | 142.00 | 168.70
/loan/ | 48 | 0 | 0.00 | 28.85 | 23.00 | 31.00 | 250.00
/loan/history | 46 | 0 | 0.00 | 15.60 | 15.00 | 17.00 | 20.00
/transaction/ | 32 | 0 | 0.00 | 28.85 | 24.00 | 32.00 | 170.00
/transaction/history | 30 | 0 | 0.00 | 17.97 | 18.00 | 21.00 | 21.00
/transaction/zelle/ | 30 | 0 | 0.00 | 37.30 | 37.00 | 40.00 | 41.00
